0,481
0,480
89,0
88,2
88,0
87,8
87,7
87,5
87,4
87,2
87,0
0,278
0,9
86,5
86,2
86,0
80,5
81,4
84,5
85,1
85,4
83,4
82,4
91,6
90,4
89,5
88,4
87,6
86,4
80,1
80,3
81,1
81,3
83,1
83,3
82,1
82,3
84,1
84,3
14,6
91,1
91,11
91,3
14,7
90,1
90,3
89,1
89,114
89,3
88,1
88,3
87,1
87,3
86,1
86,3
0,431
105,52
105,51
105,50
105,49
105,48
105,47
105,46
105,45
105,44
105,43
105,42
105,41
105,40
105,39
105,38
105,37
105,36
105,35
55,4
55,3
55,2
55,1
55,0
54,3
54,2
54,1
54,0
53,3
53,2
53,1
53,0
52,4
52,3
52,2
52,1
52,0
51,3
51,2
51,1
51,0
50,3
50,2
50,1
50,0
49,3
49,2
49,1
49,0
48,3
48,2
48,1
48,0
47,3
47,2
47,1
47,0
46,3
46,2
46,1
46,0
45,3
45,2
45,1
45,0
44,3
44,2
44,1
44,0
43,4
43,3
43,2
43,1
43,0
42,4
42,3
42,2
42,1
42,0
41,4
41,3
41,2
41,1
41,0
40,3
40,2
40,1
20,3
20,2
20,1
19,3
19,2
19,1
18,3
18,1
12,3
12,2
